14
45
73
104
134
165
195
226
257
287
318
348
379
410
439
470
500
531
561
592
623
653
684
714
745
776
804
835
865
896
926
957
988
1018
1049
1079
1110
1141
1169
1200
1230
1261
1291
1322
1353
1383
1414
1444
1475
1506
1534
1565
1595
1626
1656
1687
1718
1748
1779
1809
1840
1871
1900
1931
1961
1992
2022
2053
2084
2114
2145
2175
2206
2237
2265
2296
2326
2357
2387
2418
2449
2479
2510
2540
2571
2602
2630
2661
2691
2722
2752
2783
2814
2844
2875
2905
2936
2967
2995
3026
3056
3087
3117
3148
3179
3209
3240
3270
3301
3332
3361
3392
3422
3453
3483
3514
3545
3575
3606
3636
3667
3698
3726
3757
3787
3818
3848
3879
3910
3940
3971
4001
4032
4063
4091
4122
4152
4183
4213
4244
4275
4305
4336
4366
4397
4428
4456
4487
4517
4548
4578
4609
4640
4670
4701
4731
4762
4793
4822
4853
4883
4914
4944
4975
5006
5036
5067
5097
5128
5159
5187
5218
5248
5279
5309
5340
5371
5401
5432
5462
5493
5524
5552
5583
5613
5644
5674
5705
5736
5766
5797
5827
5858
5889
5917
5948
5978
6009
6039
6070
6101
6131
6162
6192
6223
6254
6283
6314
6344
6375
6405
6436
6467
6497
6528
6558
6589
6620
6648
6679
6709
6740
6770
6801
6832
6862
6893
6923
6954
6985
7013
7044
7074
7105
7135
7166
7197
7227
7258
7288
7319
7350
7378
7409
7439
7470
7500
7531
7562
7592
7623
7653
7684
7715
7744
7775
7805
7836
7866
7897
7928
7958
7989
8019
8050
8081
8109
8140
8170
8201
8231
8262
8293
8323
8354
8384
8415
8446
8474
8505
8535
8566
8596
8627
8658
8688
8719
8749
8780
8811
8839
8870
8900
8931
8961
8992
9023
9053
9084
9114
9145
9176
9205
9236
9266
9297
9327
9358
9389
9419
9450
9480
9511
9542
9570
9601
9631
9662
9692
9723
9754
9784
9815
9845
9876
9907
9935
9966
9996
10027
10057
10088
10119
10149
10180
10210
10241
10272
10300
10331
10361
10392
10422
10453
10484
10514
10545
10575
10606
10637
10666
10697
10727
10758
10788
10819
10850
10880
10911
10941
10972
11003
11031
11062
11092
11123
11153
11184
11215
11245
11276
11306
11337
11368
11396
11427
11457
11488
11518
11549
11580
11610
11641
11671
11702
11733
11761
11792
11822
11853
11883
11914
11945
11975
12006
12036
12067
12098
12127
12158
12188
12219
12249
12280
12311
12341
12372
12402
12433
12464
12492
12523
12553
12584
12614
12645
12676
12706
12737
12767
12798
12829
12857
12888
12918
12949
12979
13010
13041
13071
13102
13132
13163
13194
13222
13253
13283
13314
13344
13375
13406
13436
13467
13497
13528
13559
13588
13619
13649
13680
13710
13741
13772
13802
13833
13863
13894
13925
13953
13984
14014
14045
14075
14106
14137
14167
14198
14228
14259
14290
14318
14349
14379
14410
14440
14471
14502
14532
14563
14593
14624
14655
14683
14714
14744
14775
14805
14836
